0000000000000000000000000000000000000000000000000000000000000000000000000000000000000000000000 00:00
0                                                                                                  0
0                                                                                                  0
0                                                                                                  0
0                                                                                                  0
0                                                                                                  0
0                                                                                                  0
0                                                                                                  0
0                                                                                                  0
0                                                                                                  0
0                                                                                                  0
0                                                                                                  0
0                                                                                                  0
0                                                                                                  0
0                                                                                                  0
0                                                                                                  0
0                                                                                                  0
0                                                                                                  0
0                                                                                                  0
0                                                                                                  0
0                                                                                                  0
0                                                                                                  0
0                                                                                                  0
0                                                                                                  0
0                                                                                                  0
0                                                                                                  0
0                                                                                                  0
0                                                                                                  0
0                                                                                                  0
0                                                                                                  0
0                                                                                                  0
0                                                                                                  0
0                                                                                                  0
0                                                                                                  0
0                                                                                                  0
0      [1] "                     "                                                                 0
0      [2] "                     "                                                                 0
0      [3] "                     "                                                                 0
0                                                                                                  0
0      <        >                                                                                  0
0      ======================================================================================      0
0                                                                                                  0
0                                                                                                  0
0                                                                                                  0
0                                                                                                  0
0                                                                                                  0
0      ======================================================================================      0
0                                                                                                  0
0                                                                                                  0
0000000000000000000000000000000000000000000000000000000000000000000000000000000000000000000000000000